<?xml version="1.0" encoding="UTF-8" standalone="no"?>
<!DOCTYPE svg PUBLIC "-//W3C//DTD SVG 20010904//EN"
              "http://www.w3.org/TR/2001/REC-SVG-20010904/DTD/svg10.dtd">

<svg xmlns="http://www.w3.org/2000/svg"
     width="8.26667in" height="11.6889in"
     viewBox="0 0 744 1052">
  <path id="path2568"
        fill="none" stroke="black" stroke-width="1"
        d="M 281.43,492.08
           C 281.43,492.08 286.03,491.19 286.03,491.19
             286.03,491.19 287.95,486.65 287.95,486.65
             287.95,486.65 290.17,491.03 290.17,491.03
             290.17,491.03 294.82,491.57 294.82,491.57
             294.82,491.57 291.59,495.17 291.59,495.17
             291.59,495.17 292.55,500.04 292.55,500.04
             292.55,500.04 288.33,497.88 288.33,497.88
             288.33,497.88 284.27,500.35 284.27,500.35
             284.27,500.35 284.90,495.42 284.90,495.42
             284.90,495.42 281.43,492.08 281.43,492.08 Z" />
</svg>
