<?xml version="1.0" encoding="UTF-8" standalone="no"?>
<!DOCTYPE svg PUBLIC "-//W3C//DTD SVG 20010904//EN"
              "http://www.w3.org/TR/2001/REC-SVG-20010904/DTD/svg10.dtd">

<svg xmlns="http://www.w3.org/2000/svg"
     width="8.26667in" height="11.6889in"
     viewBox="0 0 744 1052">
  <path id="path2568"
        fill="none" stroke="black" stroke-width="1"
        d="M 281.21,489.05
           C 281.21,489.05 283.49,488.63 283.49,488.63
             283.49,488.63 284.45,486.51 284.45,486.51
             284.45,486.51 285.55,488.56 285.55,488.56
             285.55,488.56 287.86,488.81 287.86,488.81
             287.86,488.81 286.26,490.49 286.26,490.49
             286.26,490.49 286.73,492.76 286.73,492.76
             286.73,492.76 284.63,491.76 284.63,491.76
             284.63,491.76 282.62,492.91 282.62,492.91
             282.62,492.91 282.93,490.61 282.93,490.61
             282.93,490.61 281.21,489.05 281.21,489.05 Z" />
</svg>
