<?xml version="1.0" encoding="UTF-8" standalone="no"?>
<!DOCTYPE svg PUBLIC "-//W3C//DTD SVG 20010904//EN"
              "http://www.w3.org/TR/2001/REC-SVG-20010904/DTD/svg10.dtd">

<svg xmlns="http://www.w3.org/2000/svg"
     width="8.26667in" height="11.6889in"
     viewBox="0 0 744 1052">
  <path id="path1602"
        fill="none" stroke="black" stroke-width="1"
        d="M 508.86,583.73
           C 508.86,583.73 363.69,510.61 363.69,510.61
             363.69,510.61 221.14,588.73 221.14,588.73
             221.14,588.73 245.83,428.09 245.83,428.09
             245.83,428.09 127.47,316.69 127.47,316.69
             127.47,316.69 287.91,290.52 287.91,290.52
             287.91,290.52 357.31,143.56 357.31,143.56
             357.31,143.56 431.77,288.03 431.77,288.03
             431.77,288.03 593.02,308.60 593.02,308.60
             593.02,308.60 478.61,424.05 478.61,424.05
             478.61,424.05 508.86,583.73 508.86,583.73 Z" />
</svg>
